INITIAL POPULATION FOR  a280-TTP
Individual 0: 1, 2[1], 3[1], 4[0], 5[0], 6[1], 7[0], 8[0], 9[0], 10[0], 11[0], 12[1], 13[1], 14[1], 15[1], 16[1], 17[1], 18[1], 19[0], 20[1], 21[0], 22[1], 23[0], 24[0], 25[1], 26[0], 27[0], 28[1], 29[0], 30[0], 31[1], 32[1], 33[0], 34[1], 35[0], 36[1], 37[0], 38[1], 39[1], 40[1], 41[0], 42[1], 43[1], 44[0], 45[1], 46[1], 47[0], 48[1], 49[1], 50[1], 51[0], 52[1], 53[0], 54[0], 55[1], 56[1], 57[1], 58[1], 59[1], 60[1], 61[0], 62[0], 63[1], 64[0], 65[0], 66[0], 67[0], 68[0], 69[0], 70[0], 71[0], 
Individual 1: 1, 7[0], 136[0], 48[0], 24[0], 190[1], 27[0], 161[1], 69[0], 114[0], 55[1], 79[0], 138[1], 225[0], 43[0], 189[0], 88[0], 237[1], 256[0], 99[0], 228[0], 231[0], 59[1], 179[0], 159[1], 21[1], 217[0], 181[0], 202[1], 249[1], 178[1], 130[1], 187[0], 197[1], 65[1], 107[0], 34[0], 212[0], 204[1], 184[1], 162[0], 236[1], 80[0], 85[1], 192[1], 42[1], 120[1], 177[1], 75[1], 245[1], 106[1], 155[0], 104[1], 35[0], 253[0], 26[0], 156[1], 94[0], 180[1], 224[1], 279[0], 200[1], 91[0], 16[1], 16
Individual 2: 1, 7[0], 145[0], 17984[1], 135[1], 43[0], 215[1], 149[0], 243[0], 263[1], 275[1], 175[0], 192[1], 85[1], 238[0], 116[0], 65[1], 247[1], 257[0], 130[0], 234[0], 129[1], 74[0], 261[1], 54[0], 225[1], 176[0], 40[0], 140[0], 195[0], 96[1], 174[0], 15[0], 250[0], 146[0], 185[0], 253[0], 141[1], 180[0], 264[0], 252[1], 161[0], 95[1], 111[1], 244[0], 14[0], 3[1], 133[1], 258[1], 82[1], 172[0], 240[0], 162[1], 35[0], 167[1], 138[0], 79[0], 191[0], 92[1], 199[1], 132[1], 271[1], 208[0], 27
Individual 3: 1, 96[1], 72[1], 117[1], 42[0], 176[0], 189[1], 7[1], 227[0], 225[0], 122[1], 51[0], 103[0], 261[1], 118[1], 114[0], 127[1], 161[0], 216[0], 53[0], 12[1], 204[1], 110[0], 265[0], 190[1], 5[1], 88[1], 254[0], 141[0], 264[0], 11[0], 208[0], 238[1], 34[0], 173[0], 65[1], 94[1], 269[1], 140[0], 213[0], 151[1], 56[0], 89[0], 139[1], 55[0], 212[1], 270[0], 165[0], 197[1], 146[0], 121[1], 71[0], 267[1], 67[1], 31[1], 207[0], 144[0], 247[1], 22[1], 73[1], 236[1], 174[0], 156[0], 263[0], 9
Individual 4: 1, 260[1], 53[1], 59[0], 109[1], 180[1], 148[1], 111[1], 49[1], 197[1], 187[1], 52[1], 138[0], 119[0], 44[1], 269[0], 25[1], 37[0], 182[0], 201[1], 127[1], 123[1], 266[1], 81[1], 279[1], 8[0], 102[1], 232[1], 2[0], 67[1], 115[1], 118[0], 237[1], 212[1], 249[0], 165[0], 79[1], 101[1], 271[0], 34[1], 19[1], 121[0], 214[0], 56[0], 184[0], 194[0], 146[1], 57[0], 164[1], 235[0], 32[0], 236[1], 40[1], 221[0], 255[1], 152[0], 172[0], 84[1], 202[1], 254[0], 229[0], 64[1], 243[1], 80[0], 6
Individual 5: 1, 180[1], 72[0], 2[15[0], 223[1], 246[0], 34[1], 144[0], 28[0], 55[1], 158[0], 14, 122[1], 9[0], 137[0], 254[1], 89[1], 35[1], 247[0], 75[0], 188[1], 39[0], 14[0], 103[0], 157[0], 162[0], 111[1], 120[0], 70[0], 78[1], 127[0], 192[1], 44[0], 146[0], 280[1], 81[0], 261[1], 10[1], 229[1], 213[1], 251[0], 123[0], 30[1], 49[0], 253[0], 47[0], 209[1], 170[1], 88[0], 205[0], 164[0], 150[1], 183[0], 262[1], 233[1], 163[1], 16[0], 242[1], 56[0], 77[0], 177[1], 121[1], 54[0], 84[1], 87[1],
Individual 6: 1, 47[0], 99[1], 109[0], 162[0], 41[0], 153[1], 260[1], 173[1], 168[0], 86[1], 236, 257[0], 6[1], 149[0], 144[1], 72[1], 77[0], 267[0], 139[1], 146[0], 128[1], 221[1], 118[0], 237[0], 95[1], 148[1], 81[0], 130[1], 166[1], 227[1], 10[1], 101[1], 249[1], 176[0], 175[1], 271[0], 21[1], 207[1], 111[1], 213[0], 16[0], 219[1], 9[0], 263[0], 279[1], 40[1], 98[0], 137[0], 60[0], 235[1], 138[0], 240[1], 272[0], 256[0], 133[1], 253[0], 199[0], 268[0], 223[1], 75[1], 203[0], 90[0], 74[0], 20
Individual 7: 1, 204[0], 39[1], 265[0], 46[1], 57[0], 209[[1], 21[0], 27[1], 82[0], 200[1], 230[1], 233[1], 28[0], 93[1], 214[0], 50[0], 250[1], 161[0], 169[1], 35[1], 121[0], 17[0], 128[1], 23[1], 167[0], 18[0], 154[1], 254[1], 244[1], 104[1], 229[0], 4[0], 51[0], 16[0], 172[0], 269[1], 40[1], 76[1], 47[0], 251[0], 122[1], 215[0], 255[0], 48[1], 113[1], 240[1], 98[0], 184[1], 85[1], 249[1], 145[1], 158[0], 234[1], 203[0], 216[1], 131[0], 245[1], 22[0], 105[1], 81[0], 58[0], 142[1], 181[0], 277
Individual 8: 1, 3[1], 201[0], 90[70[0], 73[0], 27[1], 200[1], 54[1], 157[0], 237[1], 133[1], 187[0], 273[1], 208[0], 119[0], 95[1], 280[1], 240[1], 36[0], 167[0], 246[1], 141[1], 270[1], 123[0], 63[1], 87[1], 195[1], 89[1], 96[0], 44[1], 219[1], 212[0], 134[1], 16[1], 59[0], 69[1], 228[0], 262[0], 227[0], 38[0], 7[0], 142[0], 171[1], 257[0], 85[1], 1 Profit: -400420.604137 - Revenue: 165871.000000 - Time: 100943.244944 - Distance: 529.754660
Individual 9: 1, 213[1], 104[0], 1239[0], 256[1], 28[0], 98[0], 13[0], 157[1], 36[0], 223[0], 15, 117[1], 67[1], 244[0], 44[1], 188[1], 235[1], 60[1], 147[1], 94[1], 118[1], 56[1], 80[0], 159[0], 183[0], 249[1], 227[1], 200[0], 32[1], 215[1], 48[1], 83[0], 268[0], 59[0], 257[0], 85[1], 70[0], 116[1], 254[1], 255[0], 230[1], 63[1], 93[0], 219[0], 142[0], 153[1], 133[0], 9[0], 24[1], 50[1], 1 Profit: -512361.294759 - Revenue: 157686.000000 - Time: 119438.020456 - Distance: 497.610289
Individual 10: 1, 33[0], 115[1], 198[0], 107[1], 20[0], 77[1], 50[1], 213[1], 222[1], 156[1], 15, 190[0], 166[0], 231[1], 7[0], 92[0], 163[1], 66[1], 211[0], 21[0], 154[0], 267[1], 41[0], 181[0], 81[0], 202[0], 277[0], 232[0], 24[1], 257[1], 5[1], 189[0], 83[0], 36[0], 210[1], 194[0], 14[0], 203[1], 27[1], 80[0], 110[0], 157[1], 229[1], 61[1], 9[0], 39[1], 178[1], 200[1], 149[1], 22[0], 272[0], 25[0], 119[1], 152[0], 250[0], 131[0], 65[0], 273[0], 249[1], 141[0], 258[1], 261[0], 159[0], 17[1], 
Individual 11: 1, 121[1], 254[1], 120[1], 110[0], 106[1], 169[1], 92[0], 191[0], 272[0], 182[1], 142[1], 133[0], 148[1], 135[0], 125[1], 231[0], 73[1], 139[1], 39[1], 273[1], 255[1], 195[0], 240[0], 72[1], 207[0], 30[1], 65[0], 217[0], 229[1], 267[1], 3[1], 208[0], 244[0], 246[1], 36[0], 226[0], 198[0], 278[1], 137[0], 143[1], 114[0], 225[0], 89[0], 80[0], 214[0], 35[1], 249[1], 253[0], 124[1], 269[0], 22[1], 259[0], 104[1], 250[0], 101[1], 98[0], 218[0], 29[0], 266[0], 14[0], 79[0], 147[0], 10
Individual 12: 1, 176[1], 241[0], 124[1], 244[1], 80[[1], 114[0], 27[1], 170[1], 194[1], 163[1], 187[0], 5[0], 83[0], 223[0], 89[0], 17[0], 15[1], 204[0], 138[1], 44[1], 54[1], 196[1], 257[0], 179[0], 106[1], 134[0], 195[1], 144[1], 112[1], 41[1], 275[1], 266[1], 12[0], 33[1], 269[1], 6[1], 66[0], 177[1], 99[0], 162[1], 139[0], 130[1], 9[1], 37[0], 21[1], 147[0], 56[1], 85[0], 218[1], 67[1], 36[1], 57[1], 156[1], 45[1], 102[1], 22[0], 61[1], 264[1], 108[0], 53[0], 216[1], 136[0], 38[1], 199[0],
Individual 13: 1, 280[0], 168[0], 87[1], 18[0], 254[1],[0], 85[0], 209[1], 207[1], 89[0], 262[1], 243[1], 206[1], 121[1], 70[0], 57[1], 120[1], 258[0], 42[1], 72[0], 222[0], 15[1], 102[0], 133[1], 58[1], 231[1], 146[1], 81[0], 21[1], 24[1], 228[0], 11[0], 192[1], 77[0], 233[1], 36[1], 189[0], 98[0], 38[1], 113[0], 169[1], 136[0], 144[1], 271[1], 104[1], 259[0], 106[1], 277[1], 204[0], 208[0], 111[0], 138[1], 10[0], 176[0], 140[1], 194[1], 23[1], 266[1], 170[1], 35[0], 130[1], 238[0], 68[0], 269
Individual 14: 1, 3[0], 226[1], 195[1], 157[0], 170[0], 184[1], 63[0], 268[0], 181[0], 169[0], 4, 135[1], 93[0], 87[1], 270[0], 34[1], 235[1], 53[1], 69[1], 227[0], 66[1], 201[0], 153[0], 104[1], 152[0], 65[0], 151[0], 269[1], 199[1], 123[1], 208[1], 98[0], 263[0], 55[0], 79[1], 246[0], 266[1], 42[1], 132[0], 94[0], 204[1], 111[0], 206[0], 137[1], 154[1], 168[0], 240[0], 35[1], 115[1], 136[0], 222[1], 64[0], 59[0], 203[1], 276[1], 175[1], 192[1], 257[0], 251[1], 272[0], 102[0], 24[1], 131[1], 5
Individual 15: 1, 198[1], 55[1], 139[0], 256[1], 146[1], 172[1], 203[1], 91[1], 199[1], 30[0], 242[1], 45[1], 229[0], 118[1], 201[0], 157[1], 85[0], 65[0], 267[1], 92[0], 213[1], 110[0], 255[1], 206[0], 241[1], 107[1], 21[1], 53[1], 197[0], 160[0], 174[0], 195[0], 239[0], 75[1], 234[0], 17[1], 102[0], 202[0], 67[1], 208[0], 178[0], 15[1], 87[0], 69[0], 88[0], 101[1], 111[1], 240[1], 143[0], 186[0], 225[1], 41[1], 253[1], 134[0], 231[0], 104[1], 248[1], 180[0], 204[1], 133[1], 209[0], 144[0], 16
Individual 16: 1, 169[0], 72[1], 81[1], 194[0], 110[0], 233[0], 256[1], 266[0], 159[0], 228[1], , 240[1], 197[1], 199[1], 105[1], 188[1], 193[0], 207[0], 37[1], 55[0], 192[1], 236[0], 93[1], 210[1], 14[1], 129[1], 111[0], 177[0], 71[1], 48[0], 80[0], 265[0], 100[1], 164[1], 241[1], 227[1], 99[0], 168[0], 54[1], 219[1], 102[1], 175[1], 23[1], 13[0], 190[0], 277[1], 151[0], 40[0], 138[1], 139[0], 280[0], 133[0], 61[0], 223[1], 260[0], 10[0], 124[1], 225[0], 25[0], 172[0], 59[1], 247[1], 214[0], 1
Individual 17: 1, 62[1], 3[0], 211169[1], 53[0], 164[1], 87[0], 154[1], 82[1], 189[0], 200[0], 139[0], 122[0], 83[1], 243[0], 125[1], 175[0], 18[1], 14[0], 64[1], 95[0], 96[1], 104[0], 180[0], 46[1], 149[0], 275[1], 256[1], 100[0], 137[1], 90[0], 265[1], 212[1], 54[1], 271[1], 190[1], 223[1], 238[0], 66[1], 184[1], 84[1], 98[1], 89[1], 170[1], 249[0], 117[0], 26[0], 41[1], 16[0], 136[0], 124[1], 7[1], 86[0], 109[1], 56[1], 237[0], 60[1], 31[0], 116[1], 258[0], 273[0], 198[0], 277[1], 209[0], 15
Individual 18: 1, 173[1], 73[1], 178[1], 98[0], 66[1], 55[0], 248[1], 32[1], 121[1], 138[0], 41[1], 115[1], 161[0], 69[0], 174[0], 112[1], 236[1], 166[0], 164[1], 181[1], 271[1], 119[0], 275[0], 193[1], 77[1], 239[0], 203[0], 12[0], 35[0], 205[0], 197[0], 104[1], 76[0], 52[0], 144[0], 65[1], 97[0], 11[1], 102[1], 133[1], 185[1], 88[1], 141[0], 257[0], 116[1], 134[1], 58[1], 277[0], 238[0], 207[0], 91[0], 270[1], 19[1], 39[1], 187[0], 18[0], 279[1], 106[1], 95[1], 165[1], 86[0], 3[1], 228[0], 23
Individual 19: 1, 136[1], 251[0], 123[0], 35[1], 223[1], 175[0], 148[0], 19[1], 23[0], 232[0], 2, 58[1], 254[1], 229[1], 248[1], 71[1], 258[1], 168[0], 5[1], 15[1], 257[1], 6[0], 87[0], 253[0], 256[1], 240[1], 57[0], 8[1], 14[1], 55[0], 4[0], 86[1], 186[1], 22[1], 107[0], 202[1], 224[0], 143[0], 245[0], 78[0], 219[0], 261[0], 242[1], 130[0], 40[0], 155[1], 93[0], 90[0], 128[0], 46[1], 222[1], 234[1], 209[0], 205[0], 190[1], 103[1], 239[0], 140[0], 118[1], 170[1], 18[1], 263[0], 252[0], 187[1], 
